1
3
6
8
9
10
11
14
15
16
18
19
20
21
22
26
27
29
30
31
32
33
34
35
36
37
38
40
41
42
43
44
45
46
47
48
49
50
51
53
54
55
56
57
58
59
60
61
62
63
64
65
66
68
69
70
71
72
73
76
77
78
79
80
83
86
87
88
90
92
93
94
95
96
97
98
99
100
101
102
103
104
106
107
108
111
112
113
114
115
116
117
118
121
123
124
125
126
127
128
129
130
131
132
136
137
139
140
141
142
144
146
147
148
149
151
152
153
154
155
156
157
158
159
160
161
162
163
164
165
166
167
169
171
172
173
174
175
176
177
178
179
180
181
182
184
186
187
188
189
190
193
194
195
196
197
198
201
204
205
207
208
212
213
214
218
219
220
222
224
225
226
227
228
230
231
232
233
235
236
239
240
241
244
245
246
247
248
250
251
252
256
258
259
264
265
266
267
268
273
274
275
276
277
281
283
286
288
291
295
297
311
314
329
336
350
351
353
354
355
356
357
358
359
360
363
364
365
366
367
368
369
370
373
376
378
380
381
387
388
391
394
399
1845
